    PID   RSS    VSZ
      1 11492 165956
      2  1304   2280
      7     4   2280
     36 31920  64256
     56  6020  22532
     71  6352 153004
     73 14868 377296
     76  2240 153004
     83   204 153136
     86  2256 153004
     92 12080 377296
     99   192 153004
    103 13644 302532
    159 12668  25540
    166  2688   4308
    168  4872   8792
    182 21120  35804
    183  7208 222404
    189 46320 2059372
    204  7328  15332
    207 12768 392684
    236  8512 235904
    250  3320   4780
    253 23196 112928
    263  1116   3240
    266  1148   3196
    321 110812 2335936
    395  4956   7572
    453  9636  17180
    454  3532 168936
    462  6276  34256
    463  6584  18280
    465  5420   6388
    474  1528 154004
    482  4168   8300
    529 37636  44188
   5032 20216 293056
 207338   124   2296
 296473   116   2284
 296474   120   2300
 296479  6720   7556
 297789   116   2284
 297790   120   2300
 297791   992   2892
 297792   968   2892
 297797  1004   2892
 297801 106056 966612
 297814   116   2296
 297815   124   2296
 297816 63896 612300
 297834   116   2296
 297837   124   2296
 297838 68096 615044
 297849 58840 1047836
 297869 298604 11621852
 297983   116   2296
 297984   124   2296
 297985  1012   2892
 297986  1844   2892
 297997 48432 602876
 298032   988   2892
 315676 72224 613976
 363988 64892 668676
 364004  5492   6320
 364036 349028 1070816
 365157  5228   6320
 365434  5452   6320
 369934  1568   7488
